40 8 120 8 80
24 4 24 15 8 23 6 14 19 10 21 17 24 21 22 19 20 22 20 10 10 8 16 11 20 23 17 16 23 16 19 15 7 18 4 8 18 22 12 24
942 1
0 77
1130 1
1 50
594 1
2 21
477 1
3 80
449 1
4 43
425 1
5 74
732 1
6 80
888 1
7 36
1 0 115
2 4 180
0 1 14
7 3 72
3 2 5
2 1 88
7 1 170
0 2 3
0 6 99
1 7 112
0 6 39
4 7 122
1 4 25
5 0 30
2 3 68
6 3 85
3 2 28
0 6 148
32 4 116
0 4 168
13 6 124
10 7 22
1 7 190
0 1 44
0 5 138
1 3 61
1 0 34
5 3 25
0 1 132
0 0 87
8 4 164
1 2 78
0 1 160
3 7 103
1 4 1
1 3 51
1 3 178
32 0 180
1 5 107
5 1 93
0 6 126
0 3 104
4 1 84
1 6 168
5 0 186
24 1 110
0 7 175
0 2 182
1 5 195
2 4 6
3 2 28
5 4 130
1 3 181
29 5 188
1 1 190
1 0 26
1 3 80
7 5 109
1 0 122
0 1 136
3 5 125
2 0 102
0 0 164
3 3 20
1 7 117
0 0 77
0 0 165
0 5 124
14 7 47
0 1 133
9 4 61
1 1 86
0 3 4
0 3 186
1 3 44
0 7 100
2 7 168
0 6 54
4 1 192
2 6 110
0 5 15
16 2 43
9 4 115
0 3 24
2 3 177
0 6 186
0 5 173
6 4 120
9 4 170
6 2 62
1 3 88
18 4 6
1 1 49
0 1 123
0 2 127
0 5 91
0 3 21
7 0 111
0 5 90
17 7 56
16 4 171
12 1 86
1 0 49
1 5 83
0 5 86
2 1 25
2 6 199
27 6 150
0 5 151
1 3 112
0 7 191
0 5 11
4 6 31
4 7 100
37 2 110
0 1 181
0 0 115
4 0 14
32 5 103
12 3 50
