400 35 4000 20 800
83 88 98 43 24 65 112 60 52 38 64 52 10 24 100 45 73 68 120 112 118 58 23 16 32 40 62 115 31 56 71 69 79 36 49 96 91 109 74 112 71 53 67 37 78 61 87 35 12 26 53 64 80 94 76 107 85 17 94 47 42 31 32 36 45 32 95 39 18 119 36 92 74 42 12 97 96 17 71 9 69 42 63 65 94 18 81 95 64 78 57 45 89 80 34 68 98 111 16 46 101 100 11 107 29 69 31 71 47 64 17 86 46 70 13 116 43 115 88 27 108 87 46 119 110 18 21 63 54 47 62 18 74 118 18 35 78 43 26 66 119 41 113 55 30 9 108 63 115 38 50 69 89 15 70 47 9 101 96 86 49 15 93 17 90 55 99 18 18 10 77 18 86 44 36 50 51 103 57 18 35 103 112 40 91 21 86 60 64 104 84 10 20 75 91 76 106 14 97 75 45 91 47 86 99 86 32 119 113 70 32 95 33 71 88 118 83 16 50 40 75 118 20 107 12 34 45 119 101 84 73 15 64 91 54 54 87 52 38 40 12 47 117 34 71 110 22 73 16 85 37 63 113 42 30 97 60 47 52 54 102 51 117 68 65 28 111 50 93 117 46 54 92 98 73 80 45 45 38 78 98 73 56 34 64 78 44 46 36 104 14 65 96 12 66 82 52 104 60 102 66 27 56 100 31 26 118 51 32 20 107 77 42 76 80 85 58 53 80 23 38 59 110 104 70 77 43 52 68 27 119 29 62 65 93 20 11 84 24 69 31 22 69 29 16 15 79 111 103 114 54 98 15 103 85 64 17 39 8 66 22 22 24 117 23 19 80 107 106 36 112 16 30 17 32 47 25 78 48 34 50 102 33 24 91 51 96 31 67 19 117 106 110 68 109 103 117 45 72 26
1005 7
8 72
2 182
17 153
6 141
5 199
19 64
0 202
693 5
15 71
16 154
1 141
8 89
11 159
378 8
7 32
8 44
18 148
13 66
17 140
9 113
12 164
1 136
615 6
0 166
19 136
18 31
2 125
9 93
15 28
527 7
14 54
16 118
11 21
6 180
19 178
15 100
2 47
376 7
6 172
7 25
3 56
12 81
1 83
4 219
5 95
468 7
3 90
11 148
4 75
10 58
18 158
0 35
7 185
294 6
6 119
18 70
14 142
5 90
7 121
15 216
983 6
2 49
11 200
7 61
9 113
1 192
15 139
567 5
8 61
7 31
13 135
9 64
5 89
737 3
10 28
7 91
19 38
685 6
1 93
11 154
4 134
14 195
7 53
19 55
517 7
10 154
7 166
12 155
15 149
8 130
3 206
6 112
747 8
13 140
5 83
11 153
2 204
9 219
0 112
8 64
3 121
580 7
15 60
9 173
16 177
6 72
18 197
13 41
10 93
668 6
4 182
11 109
3 52
0 115
18 183
2 63
680 3
7 124
17 114
8 183
726 8
3 118
11 183
2 48
17 64
12 86
7 132
1 154
5 41
529 8
4 168
14 131
9 180
13 180
6 86
2 197
7 220
16 26
349 7
13 58
5 179
2 79
4 28
18 187
7 31
1 83
530 4
6 158
19 214
8 219
16 57
373 4
3 104
11 190
8 177
0 151
1023 3
6 220
15 106
9 92
988 3
17 132
7 99
19 77
521 3
12 131
10 204
19 152
1091 7
13 207
17 147
5 114
11 52
2 32
6 22
7 93
998 5
3 79
2 212
15 99
9 99
11 135
422 3
17 64
2 119
3 82
732 6
14 200
15 31
1 31
16 87
2 51
18 43
945 6
14 121
16 59
12 66
19 75
7 211
0 55
462 6
19 93
11 161
18 184
0 100
9 187
17 217
315 6
6 72
18 99
14 147
17 107
7 59
16 149
928 7
4 159
5 126
6 109
8 124
16 146
7 47
12 22
522 4
10 159
0 69
2 199
7 112
728 8
9 144
10 131
19 170
5 176
17 21
11 117
18 64
1 142
148 20 110
54 26 104
390 9 229
5 15 56
3 2 70
13 30 115
20 12 98
26 27 25
0 16 109
19 23 28
10 0 132
0 24 104
0 33 163
34 0 250
0 28 108
1 14 198
0 31 87
0 12 62
68 27 54
0 10 71
10 25 216
2 13 172
3 12 248
8 15 157
2 2 212
24 20 109
13 2 79
12 13 113
0 1 77
8 20 35
150 8 144
1 8 239
0 30 127
1 23 8
4 16 218
10 9 23
167 14 121
1 31 222
57 27 244
0 23 105
32 6 144
0 16 143
8 29 133
52 26 122
8 18 45
4 22 33
25 30 12
0 24 218
22 10 7
7 8 15
236 9 53
255 13 169
1 27 186
0 4 130
0 32 234
1 28 76
2 16 207
220 18 128
311 23 141
4 26 88
0 10 217
10 25 22
3 10 77
1 29 130
2 14 11
33 27 222
0 28 209
54 1 115
3 7 116
10 21 217
20 29 87
9 19 14
0 7 232
0 29 94
0 31 238
0 7 1
20 15 202
94 15 123
0 10 161
0 22 165
4 31 53
1 28 243
0 23 115
2 17 12
7 21 111
0 7 214
7 28 211
0 26 172
72 7 166
9 34 25
0 30 212
4 25 38
1 30 114
28 18 142
31 20 224
21 21 190
19 31 68
2 12 178
27 7 65
193 6 138
6 3 137
26 24 187
8 28 176
11 9 53
1 22 68
8 9 219
150 19 128
7 3 135
10 23 241
1 9 144
0 10 35
73 22 42
4 33 19
1 5 45
5 11 10
7 6 88
2 5 44
0 33 232
1 15 135
0 15 216
1 27 148
20 11 124
177 7 158
1 12 12
11 16 40
0 21 48
0 33 19
0 30 41
0 19 48
246 12 107
0 30 113
3 0 196
2 4 13
2 25 78
0 8 225
0 13 114
71 15 56
0 11 20
63 23 186
1 26 197
0 9 131
1 13 117
369 17 220
3 6 135
10 25 34
1 15 173
236 8 110
5 19 10
1 14 239
183 20 218
0 22 131
0 30 7
39 23 200
0 33 57
19 14 123
0 7 207
0 33 95
0 9 232
96 34 135
1 0 212
7 17 11
4 7 228
1 3 88
12 29 115
39 24 171
5 2 243
0 15 224
5 8 51
0 27 121
0 8 187
1 30 35
7 1 185
0 34 172
0 15 233
0 5 87
51 25 126
0 12 30
132 34 155
0 14 142
5 12 144
28 7 40
150 16 133
2 31 116
0 32 44
360 34 92
2 18 182
168 18 165
0 10 118
0 34 172
4 16 164
0 0 199
2 32 241
44 16 15
43 30 140
11 20 27
24 5 111
1 14 47
18 22 140
25 5 3
36 25 241
11 7 2
3 3 39
76 4 159
1 13 36
7 28 164
118 28 18
0 26 204
0 18 133
61 3 114
5 7 30
2 16 213
10 33 182
0 16 3
133 11 13
0 24 13
0 5 207
1 30 184
0 14 28
0 26 67
2 6 188
20 14 126
0 24 189
0 11 20
6 1 244
0 11 85
17 7 131
185 22 19
0 10 233
0 22 201
0 10 243
32 1 79
136 32 66
0 2 36
0 20 162
1 22 197
117 3 130
7 31 69
95 8 119
17 16 107
2 26 187
5 12 115
8 27 152
1 16 136
16 21 202
20 34 237
4 14 76
0 7 52
19 23 120
8 25 118
189 19 67
5 30 49
6 16 130
4 6 75
0 8 242
0 24 74
8 4 85
4 13 7
3 7 128
16 4 233
0 18 68
0 26 54
1 6 101
0 27 19
14 3 36
0 4 83
0 3 146
0 27 73
18 6 15
48 13 67
0 2 209
4 5 157
14 13 23
0 31 98
29 22 5
2 12 244
8 24 228
0 9 52
26 20 21
133 33 31
46 29 216
9 11 228
0 17 115
1 9 88
1 11 218
0 18 194
19 30 207
21 32 130
0 28 192
0 28 46
100 2 217
0 5 175
29 30 100
6 18 39
31 13 234
133 18 121
295 17 136
80 6 216
38 32 18
1 32 136
29 30 199
1 23 132
40 2 168
0 15 49
0 2 83
71 16 187
0 29 17
1 15 48
10 32 217
4 28 52
142 27 9
0 4 70
1 17 6
40 16 162
210 5 205
1 20 57
2 16 30
53 15 117
0 22 118
0 12 150
2 18 223
4 27 248
32 7 198
0 11 164
1 14 185
70 18 136
5 13 5
93 30 225
7 19 77
13 20 27
2 13 56
250 13 44
100 22 154
162 10 151
11 25 131
5 21 195
2 31 164
95 28 221
0 3 28
0 11 57
5 34 110
6 1 154
0 26 167
6 24 140
21 1 202
0 12 184
4 16 137
3 10 64
0 26 68
70 25 162
28 24 187
0 20 191
21 32 10
235 21 31
291 2 157
16 27 36
2 1 28
2 9 28
0 20 103
7 30 49
0 18 211
6 26 115
1 31 131
1 14 121
0 3 187
7 33 97
0 17 142
39 16 108
181 7 209
1 22 12
3 19 103
7 1 14
230 32 20
0 14 174
5 1 134
0 12 196
1 8 194
30 11 135
48 1 42
1 2 74
10 18 204
1 31 104
238 4 248
182 20 65
1 1 155
1 30 23
328 29 84
10 3 122
4 28 126
0 15 15
2 25 200
1 9 119
3 30 31
67 2 116
47 29 72
3 23 181
0 13 107
0 28 59
8 33 168
42 21 24
84 5 126
3 3 86
67 2 108
12 19 196
0 0 146
2 33 78
0 7 8
6 20 80
6 6 29
3 34 192
0 18 52
2 13 64
32 32 179
1 6 230
9 34 240
0 11 188
1 17 71
24 24 82
41 18 122
39 14 3
2 5 249
2 10 177
4 8 111
7 25 204
23 30 234
23 14 175
1 23 213
46 5 116
43 8 118
0 3 176
1 28 17
9 11 156
0 20 103
1 5 31
3 8 196
24 31 54
39 4 46
95 34 100
1 15 81
0 27 7
7 4 136
1 10 76
12 6 149
7 30 7
230 16 6
5 11 4
0 5 149
0 26 94
0 23 160
98 7 25
2 8 210
2 8 243
2 18 110
271 6 183
14 14 248
26 32 229
3 9 38
3 4 182
0 27 123
1 18 161
0 19 122
0 15 135
6 26 209
285 14 34
1 19 69
0 21 124
46 30 113
0 26 209
1 4 218
5 20 180
15 9 173
4 25 179
1 23 81
13 18 93
9 22 145
4 13 195
282 12 140
19 16 191
86 3 92
380 6 1
0 1 229
0 14 176
13 29 53
0 32 57
4 27 51
33 26 48
41 17 175
72 19 113
178 3 201
16 15 77
310 21 178
7 21 108
4 3 160
5 31 73
2 20 78
8 5 209
125 11 155
4 12 100
6 0 112
28 3 220
84 25 106
25 14 157
3 2 145
0 22 232
0 23 112
0 31 119
0 8 26
6 12 68
38 26 192
17 2 145
3 29 239
0 33 186
0 27 95
0 17 217
138 3 55
2 20 243
0 22 14
2 6 215
13 16 7
30 2 8
2 10 85
0 22 31
34 12 75
0 31 223
0 8 14
0 4 246
0 12 33
2 23 81
1 26 17
4 23 3
63 30 93
2 32 91
8 13 198
4 28 57
2 22 230
0 28 250
2 20 243
22 29 235
0 13 89
2 26 217
1 3 234
3 7 12
159 14 168
30 17 239
0 26 147
15 10 106
392 26 22
252 17 1
397 11 197
212 6 32
2 10 178
0 23 22
13 34 192
0 9 202
3 1 99
4 0 38
0 23 73
0 21 193
8 5 141
7 21 233
0 18 15
8 10 238
34 15 115
59 8 106
23 29 21
0 29 239
0 18 22
152 16 30
1 21 163
69 28 39
203 6 5
350 30 61
62 33 139
29 31 67
363 1 6
0 2 24
1 7 139
76 29 32
18 20 47
0 5 179
8 6 39
37 19 148
69 24 235
211 11 59
4 3 208
0 8 75
0 22 32
0 11 220
1 7 40
0 28 40
27 18 202
0 13 112
10 24 121
48 14 149
82 14 104
4 6 137
28 29 73
1 21 244
1 5 45
17 32 87
3 16 84
0 13 36
74 9 54
108 22 185
4 5 113
22 31 190
0 14 49
47 11 63
7 32 129
143 19 160
0 23 161
168 15 199
0 10 217
119 30 243
1 31 43
34 14 105
6 16 181
4 19 118
7 25 50
4 11 146
0 5 41
4 11 138
9 25 222
15 22 244
3 9 123
4 2 55
20 16 231
12 19 190
0 1 170
4 20 205
24 32 190
7 18 230
21 12 88
10 11 217
0 9 165
63 30 153
196 4 207
4 17 225
320 6 2
10 9 10
0 25 148
2 17 129
23 12 87
0 9 115
1 9 216
0 20 38
3 8 169
0 3 56
7 8 154
0 33 22
115 23 152
9 11 212
1 11 131
0 5 157
6 1 191
51 14 116
10 25 35
0 22 44
1 2 123
2 33 211
94 10 137
0 10 80
0 31 173
0 21 141
0 16 84
176 30 69
156 8 167
12 14 54
0 32 17
157 25 198
0 30 221
1 16 82
1 8 18
1 12 89
1 26 174
2 11 235
0 23 171
0 18 149
340 2 223
2 27 221
1 24 88
0 0 62
1 8 52
6 15 31
3 3 57
0 9 159
75 20 195
9 23 244
139 29 5
33 28 119
5 26 190
4 24 210
2 1 151
48 22 25
0 9 194
204 17 178
30 27 161
70 8 151
3 7 63
5 6 245
0 14 221
24 21 46
0 0 139
0 4 95
0 7 185
1 33 22
38 0 153
0 27 117
0 31 107
1 16 48
13 3 54
0 8 241
5 18 111
38 10 236
233 20 33
117 25 156
7 8 65
2 5 136
0 23 103
0 33 14
0 34 35
5 23 7
50 8 182
1 6 212
0 1 52
0 6 169
7 34 26
1 13 7
4 19 32
1 33 128
0 27 172
0 1 239
10 34 97
42 8 244
38 1 74
0 14 82
3 20 186
117 22 228
143 16 99
35 32 188
0 3 101
59 20 64
4 1 171
0 6 184
12 21 89
28 7 206
0 33 153
6 29 214
1 19 211
282 14 76
1 34 110
2 4 87
0 17 165
12 10 227
1 13 225
4 24 230
100 25 227
6 12 122
1 27 222
0 20 221
370 25 180
6 31 202
2 34 187
5 0 140
147 25 165
0 1 153
9 22 112
5 10 163
59 30 215
23 14 128
0 4 195
0 32 28
4 11 69
40 28 225
0 8 246
5 9 193
0 13 208
15 5 237
128 28 62
5 19 226
0 34 242
3 25 196
1 27 71
4 0 33
19 17 154
0 1 227
2 6 12
3 5 95
2 12 220
209 2 230
9 26 77
5 7 146
0 19 220
35 14 94
104 23 161
0 31 159
2 13 172
0 32 24
0 28 111
2 31 236
4 2 177
0 7 170
0 21 39
13 21 12
0 20 98
10 3 120
0 18 34
13 4 38
399 25 227
7 18 151
0 3 49
10 26 110
7 2 102
0 20 48
47 16 155
0 13 1
6 5 187
0 17 109
0 8 83
29 32 222
32 23 78
1 25 138
11 34 224
0 31 176
64 6 244
3 25 5
0 33 78
17 11 11
1 4 152
12 27 68
12 20 109
6 32 8
25 1 52
8 34 109
1 2 103
0 12 209
2 4 187
18 24 129
1 3 84
2 15 210
28 33 181
126 27 57
0 29 199
0 25 103
33 31 159
2 3 29
2 6 228
0 22 87
5 14 116
0 22 120
0 1 214
0 32 90
2 24 220
4 17 102
61 26 40
91 11 219
6 21 176
0 0 224
39 7 164
0 25 4
0 23 153
5 18 229
0 28 72
171 22 204
5 15 30
107 31 159
394 15 34
5 7 12
183 2 163
0 27 148
87 8 175
2 17 79
6 26 8
92 32 73
2 34 114
182 25 75
95 19 210
46 2 226
32 12 206
352 22 105
0 20 94
0 12 143
0 19 113
0 32 116
74 3 216
169 10 50
13 26 91
131 29 83
1 19 34
28 4 250
122 34 210
89 13 245
33 2 46
0 31 92
28 15 124
5 2 184
0 14 135
4 29 96
0 10 23
120 9 34
0 6 151
33 24 205
144 30 144
14 17 57
2 30 222
0 0 166
11 5 106
154 19 80
8 16 214
0 12 97
6 23 71
0 26 218
0 1 201
0 12 149
1 32 96
187 6 41
1 29 29
1 28 169
0 0 93
0 32 81
9 15 180
15 15 114
0 3 200
82 25 101
53 32 44
1 0 219
2 12 38
0 20 229
0 25 176
5 18 56
10 30 215
6 32 43
0 23 203
195 15 190
66 21 242
13 5 208
2 3 208
264 12 142
27 26 203
0 10 196
4 31 102
21 0 163
36 1 154
1 29 98
9 30 97
64 31 196
101 28 151
135 18 240
2 14 225
0 29 178
133 20 34
0 15 75
141 13 12
251 6 9
10 13 222
123 7 23
74 34 199
0 30 21
2 11 19
3 15 50
15 0 181
0 20 239
17 14 163
6 0 231
16 5 18
9 6 237
0 16 112
81 20 250
69 7 130
1 4 218
7 22 164
3 3 171
4 0 61
3 8 167
180 11 86
0 14 38
5 4 1
0 6 51
16 33 227
2 15 205
13 31 134
18 5 110
3 9 211
81 31 52
6 22 4
5 22 38
39 3 145
9 17 12
5 0 164
35 5 48
8 16 249
17 8 145
13 31 207
1 32 199
1 2 34
1 20 249
7 13 244
136 32 120
13 20 224
4 17 148
1 4 141
30 15 115
3 23 172
0 21 103
13 33 12
186 16 224
3 19 68
0 16 100
0 27 44
0 3 216
161 33 36
0 18 153
0 20 202
3 21 194
8 22 242
0 31 81
325 34 6
0 24 100
45 31 131
1 27 78
1 12 47
0 32 201
4 32 174
283 28 189
19 21 2
3 24 132
3 5 133
0 4 140
15 20 126
0 28 219
1 22 160
254 20 217
26 28 242
101 13 111
22 31 220
0 23 204
1 34 131
48 21 100
44 16 7
358 9 7
0 18 205
0 6 181
0 21 225
31 18 195
0 31 222
52 16 13
34 31 14
6 9 156
2 32 216
247 25 65
4 1 1
2 5 149
0 9 243
1 32 225
1 2 199
0 21 138
0 7 213
0 28 205
0 28 30
0 29 217
0 32 105
0 16 165
1 21 126
0 21 7
0 4 232
255 3 176
1 31 62
46 7 181
13 34 246
182 13 97
1 22 153
1 21 50
350 3 98
156 17 191
188 7 125
78 2 174
7 32 91
0 10 88
0 11 139
2 9 248
5 1 129
0 30 169
125 31 67
3 29 209
58 5 30
0 13 99
3 2 118
31 12 62
0 22 166
375 26 130
0 0 207
3 26 249
3 0 14
81 6 243
194 22 34
1 33 35
28 27 153
3 34 5
223 9 207
78 27 175
0 15 214
8 26 158
1 6 10
240 11 37
0 18 7
3 15 14
10 11 111
27 25 42
3 8 112
5 21 33
0 13 220
2 31 202
1 26 154
1 25 171
27 27 8
353 3 111
1 10 126
0 34 39
205 9 192
5 2 229
46 14 70
2 33 250
6 9 133
67 18 87
0 16 181
0 22 115
4 24 13
28 30 156
8 10 70
2 5 132
8 12 9
32 9 130
62 0 38
1 9 231
50 6 89
0 33 110
8 24 187
0 33 69
0 28 155
3 5 100
1 23 186
34 17 193
20 5 215
85 5 224
0 14 91
2 32 43
23 3 232
137 5 182
6 24 31
9 31 91
1 32 57
16 33 250
9 5 234
6 24 109
130 1 109
1 4 19
28 9 26
171 10 160
0 34 138
0 26 11
71 21 140
42 11 63
1 2 200
260 17 177
0 32 205
0 33 2
2 30 57
0 4 184
1 31 212
0 18 182
5 26 157
0 31 160
0 6 240
1 13 29
29 3 186
4 8 69
2 31 64
1 27 54
166 25 60
0 27 227
64 32 65
18 22 231
174 14 113
1 14 203
1 32 158
23 6 183
67 20 183
0 15 221
0 4 18
2 16 123
0 13 141
13 11 52
244 13 71
1 8 176
1 11 215
99 27 50
12 29 224
0 34 170
0 33 153
2 14 133
0 25 85
223 19 101
4 14 69
0 0 13
11 27 12
11 8 13
118 14 71
132 13 49
44 14 80
9 26 117
3 28 181
1 27 176
7 21 35
0 31 62
0 15 243
33 31 61
124 14 55
5 10 89
0 26 2
62 17 233
63 21 21
3 7 189
15 22 206
0 7 184
0 34 60
12 5 230
261 9 153
1 34 45
5 14 144
46 17 25
0 25 148
120 10 233
4 11 197
0 3 107
341 22 49
10 7 79
0 20 219
389 34 128
12 17 55
0 20 229
9 34 56
0 30 152
5 15 128
0 28 136
9 8 105
3 22 33
2 25 9
11 11 223
1 10 129
13 21 113
4 4 8
1 34 122
3 5 229
145 0 239
0 14 216
12 31 213
1 1 245
0 18 222
7 33 204
62 29 249
5 18 126
7 18 154
0 22 183
1 7 137
34 30 93
225 14 146
0 21 236
0 4 241
0 15 135
5 17 149
22 28 230
0 2 189
56 16 54
9 29 234
2 24 105
13 14 206
0 2 57
142 25 134
2 32 1
1 4 155
9 0 116
15 19 165
6 7 131
0 0 178
54 25 38
75 19 4
6 18 229
5 2 166
132 15 162
0 28 26
1 9 175
0 21 128
6 9 7
184 26 244
165 4 163
12 3 168
5 9 127
4 5 140
10 34 212
13 13 121
0 33 133
66 29 231
18 4 174
3 18 111
0 18 17
0 24 91
0 21 125
2 8 53
1 1 74
57 33 216
1 31 124
19 8 138
178 27 235
17 24 52
10 19 18
7 3 54
28 16 66
0 30 238
0 15 246
6 15 244
18 26 239
6 0 216
0 11 157
3 3 226
2 31 105
71 2 143
95 5 201
0 9 235
1 29 111
69 24 184
29 25 34
1 24 161
11 14 231
24 24 74
1 14 98
1 9 11
51 33 234
0 1 240
0 29 219
19 3 124
0 19 34
306 0 181
10 15 117
0 2 50
9 13 8
1 10 151
0 31 139
1 23 108
151 10 87
386 8 142
9 29 38
198 20 222
0 6 143
0 10 156
8 25 146
27 24 88
2 26 102
0 6 106
5 24 43
0 26 149
1 2 195
0 3 144
26 12 96
191 25 227
343 2 19
0 20 228
0 7 212
41 0 217
0 8 56
170 7 219
82 5 179
26 5 79
1 3 58
1 28 198
59 6 84
0 22 189
0 22 2
17 26 101
282 25 176
44 28 197
10 25 60
14 24 205
19 4 9
0 32 96
1 12 173
1 33 221
87 26 69
0 2 107
29 9 56
0 27 16
12 17 122
116 21 8
271 5 143
17 3 46
37 26 210
1 2 135
0 33 235
44 24 84
7 7 121
1 26 58
5 2 95
1 23 242
26 15 215
4 33 221
39 24 32
0 14 43
167 3 134
0 2 2
22 30 243
7 21 2
9 34 35
1 29 142
150 6 78
18 0 147
21 16 36
1 16 120
1 23 82
193 18 40
14 0 5
55 9 78
0 16 99
3 5 91
1 13 178
20 5 92
0 8 67
171 23 173
0 14 133
1 31 222
4 28 9
10 32 54
13 4 55
11 15 145
63 10 185
18 20 84
131 19 25
7 16 142
9 32 153
5 19 167
124 8 40
8 3 57
10 20 195
45 27 161
0 3 212
67 4 83
1 26 134
3 16 54
1 12 130
66 26 234
19 24 113
0 25 92
2 27 181
8 4 19
3 19 60
0 16 98
3 28 122
63 10 176
285 29 81
6 3 29
25 22 207
368 9 19
0 7 56
81 33 18
195 10 86
1 9 71
0 24 174
2 18 202
15 33 107
3 2 168
26 11 79
5 23 12
0 26 12
131 5 171
118 22 204
186 15 1
55 9 85
10 25 250
2 25 196
0 24 15
0 12 192
329 16 176
1 11 232
1 19 219
3 1 37
11 4 198
0 5 42
1 2 150
2 14 58
0 13 250
0 10 249
0 20 18
0 33 125
0 17 97
1 32 35
2 6 82
221 8 9
1 7 118
71 9 153
0 25 64
4 15 90
17 24 133
2 8 96
12 18 156
96 23 176
0 30 203
26 19 167
0 3 108
0 32 207
14 11 10
155 14 238
173 21 109
125 6 219
0 19 17
188 25 33
237 27 23
1 29 119
0 12 77
164 29 229
1 23 134
0 3 212
2 1 55
199 3 133
173 33 99
5 21 100
6 1 53
0 34 109
95 34 172
1 34 159
3 11 28
1 20 132
2 33 10
0 5 137
0 15 157
148 1 199
0 19 10
218 16 158
1 23 235
26 16 170
6 33 244
28 10 20
3 32 34
8 34 5
1 7 50
1 2 232
4 27 97
0 19 116
0 24 191
18 21 137
23 7 174
25 18 222
1 2 174
108 23 90
24 4 245
246 13 101
0 26 36
81 19 126
386 15 43
1 34 26
37 27 191
298 12 119
32 8 209
8 10 110
0 31 33
2 9 193
1 13 125
11 15 188
6 11 119
1 19 155
2 11 94
0 2 112
5 15 103
16 27 26
0 27 153
13 32 188
74 29 25
34 26 61
12 10 5
34 15 228
0 31 14
11 31 138
2 17 183
167 20 177
0 17 106
19 15 184
1 11 99
20 34 26
7 29 85
0 10 183
0 12 36
2 3 7
45 5 10
206 12 78
18 9 40
73 3 242
5 18 73
55 3 7
24 19 169
13 28 130
18 16 198
2 20 101
268 5 70
2 14 16
43 33 227
2 11 88
0 1 151
0 26 2
2 32 183
104 31 209
2 12 99
19 25 178
58 9 134
3 9 243
0 30 139
28 9 53
10 12 138
67 34 193
88 28 205
4 12 161
1 12 27
0 13 58
0 28 51
4 22 243
336 25 235
118 4 71
1 6 175
0 7 66
187 22 178
0 7 245
6 6 27
343 29 41
0 7 105
11 22 141
8 6 79
2 4 140
8 22 143
0 26 39
210 12 166
2 12 20
7 15 174
291 29 108
43 14 41
3 10 64
28 23 64
0 18 145
10 10 107
1 9 140
2 9 37
14 12 82
42 12 213
0 0 6
144 26 226
0 22 199
62 14 40
0 27 109
0 29 46
0 3 234
0 26 3
0 33 166
4 6 37
0 1 130
0 29 41
3 32 70
3 8 60
26 7 82
6 19 250
12 11 144
0 0 65
18 19 129
23 11 26
350 8 112
48 19 187
2 25 197
0 32 51
256 5 188
26 28 194
0 3 191
67 16 3
1 31 85
3 22 26
0 33 241
31 34 145
1 2 241
280 3 162
221 8 137
6 6 171
5 19 177
0 24 122
30 34 212
383 4 200
0 28 60
16 17 2
29 25 202
58 27 245
3 17 62
7 12 77
8 25 93
1 0 194
7 15 162
48 13 237
0 20 249
222 27 227
3 0 155
58 4 74
1 25 70
61 19 153
8 33 153
22 10 27
0 16 192
0 22 177
19 30 206
37 33 58
28 28 180
195 7 116
296 23 47
2 6 56
2 27 25
155 22 170
0 31 162
0 33 186
1 27 195
43 24 196
0 17 132
225 24 138
19 8 242
0 25 35
0 22 125
3 3 11
248 33 154
8 27 114
0 12 227
162 30 211
1 3 82
0 23 228
4 0 38
14 14 154
0 26 2
4 27 183
0 6 12
3 16 172
0 21 22
0 8 222
4 14 244
2 16 69
8 31 96
0 25 104
0 0 194
0 8 170
1 34 7
339 34 70
262 14 184
12 18 42
1 28 124
0 24 170
4 22 81
6 30 6
9 25 16
22 8 203
1 31 39
11 5 189
91 0 213
10 18 67
31 16 244
0 3 143
0 1 125
23 6 218
0 8 44
0 2 36
4 20 96
10 27 45
4 24 98
2 33 53
192 26 209
0 21 17
0 4 223
0 33 183
151 27 229
311 15 207
3 14 200
14 23 79
3 16 78
11 2 57
7 18 68
3 12 188
0 31 118
121 25 138
0 25 163
0 13 231
6 12 57
95 31 203
2 32 94
50 13 162
0 12 120
0 34 225
0 1 147
29 29 67
1 19 81
0 32 242
1 27 105
0 2 130
10 34 226
0 14 51
0 4 12
21 8 124
0 19 10
205 1 124
11 18 67
4 16 130
4 0 148
9 18 152
3 4 97
0 34 20
5 24 128
0 29 158
0 27 201
20 1 95
84 4 73
2 21 145
1 12 41
13 21 177
1 16 249
0 16 151
52 12 151
10 5 119
3 13 200
1 29 152
0 23 18
110 7 250
0 10 88
0 17 106
6 27 207
15 25 35
25 30 192
0 26 40
0 6 12
1 14 173
0 1 19
28 4 199
2 22 142
0 19 17
1 2 11
30 34 247
348 19 221
2 6 225
5 3 14
63 1 244
1 17 214
40 28 111
0 14 235
75 9 131
0 25 20
2 14 206
3 19 186
189 13 76
55 15 160
0 26 179
24 8 52
0 2 112
18 8 113
0 4 49
5 24 134
50 14 138
0 34 147
128 32 55
38 20 87
39 6 54
71 17 104
17 5 50
2 20 216
2 8 154
2 18 217
14 6 131
139 32 84
0 4 27
136 15 108
5 23 220
19 21 60
103 30 98
1 1 20
5 3 192
16 8 235
0 26 180
28 5 162
1 16 216
28 33 218
0 26 111
323 25 170
1 17 160
0 32 49
6 23 172
89 1 10
2 4 114
0 15 227
3 32 69
3 5 7
7 16 203
1 34 226
2 14 73
116 27 140
0 1 186
7 26 225
1 31 146
25 11 52
6 19 238
0 22 92
0 11 39
38 12 22
5 6 58
360 34 213
12 20 55
0 8 33
0 15 109
0 18 146
72 29 187
47 32 22
24 32 234
63 26 65
2 7 114
16 30 178
0 30 199
6 30 233
286 14 66
0 22 83
57 9 69
11 14 141
3 9 36
378 3 46
0 11 133
7 4 229
5 6 1
58 28 103
1 22 16
0 26 101
0 31 81
156 19 186
74 33 169
0 6 149
0 22 70
16 13 236
3 29 93
0 22 151
0 2 189
72 26 218
81 13 45
112 11 129
12 34 132
15 29 83
1 14 87
2 15 116
1 15 108
0 0 29
2 16 191
9 23 133
0 30 74
1 17 119
21 25 39
24 3 24
1 2 22
0 28 212
20 4 63
0 16 155
12 17 147
0 25 123
3 13 101
4 22 74
300 25 150
1 30 121
0 24 214
1 7 172
3 19 125
313 16 74
11 9 179
1 13 54
34 12 203
40 18 193
14 27 83
3 12 196
31 31 77
116 18 235
82 25 41
306 20 108
0 14 120
2 27 246
11 2 175
28 22 237
0 12 82
167 6 99
0 17 232
6 9 119
0 3 59
59 33 227
19 6 124
1 28 233
0 29 41
12 5 21
12 33 55
1 20 26
4 12 61
13 1 250
45 25 6
302 1 106
28 7 5
4 26 213
36 19 163
31 12 135
0 2 219
0 1 175
167 29 241
19 9 181
10 30 1
3 19 108
0 19 92
116 9 138
3 19 102
0 10 92
0 7 82
2 12 5
1 22 215
62 30 80
48 25 155
351 28 22
4 6 32
10 3 12
1 0 160
0 25 75
0 32 249
23 32 115
1 7 3
0 31 174
44 25 124
2 21 156
0 2 168
0 9 112
0 27 43
2 4 209
175 27 247
5 27 219
64 27 55
136 23 104
314 4 51
83 9 83
1 23 83
6 9 99
13 25 42
0 20 207
70 15 201
0 24 14
137 28 175
83 8 87
8 21 215
6 1 165
3 11 62
0 19 207
0 21 135
59 12 233
21 30 73
3 9 196
6 34 109
16 16 29
12 22 57
0 0 5
1 25 94
309 30 239
3 3 65
1 29 94
0 1 249
4 7 115
1 9 186
19 11 230
1 11 49
10 12 124
0 22 213
42 34 146
0 22 141
1 2 234
0 0 207
1 12 63
0 24 79
2 31 54
309 7 235
2 17 28
0 1 239
0 9 222
291 18 128
1 27 126
1 29 58
4 28 181
0 21 50
34 0 83
0 26 115
10 9 2
1 21 169
19 20 81
225 11 102
16 20 39
5 16 93
17 33 111
45 9 128
0 22 11
16 20 208
4 26 64
76 15 126
1 8 88
0 5 120
4 19 60
0 31 158
0 10 174
5 6 141
14 7 230
289 11 194
136 13 132
10 18 12
2 33 229
0 26 32
2 14 173
0 26 107
0 26 210
237 20 95
11 18 91
44 28 93
89 22 99
31 17 228
0 7 194
35 15 240
1 23 41
0 15 68
10 2 223
0 5 202
70 15 36
1 10 160
39 0 71
5 9 6
0 31 96
26 32 46
2 6 40
2 11 121
0 32 18
0 24 220
12 26 90
92 14 185
0 0 75
2 2 234
0 20 57
0 12 82
33 11 7
0 29 117
0 27 181
0 22 217
103 30 196
3 21 184
1 15 30
1 3 135
1 18 225
19 19 159
2 29 38
14 20 169
1 7 140
1 7 162
1 34 138
9 16 48
61 4 245
72 28 245
0 18 231
0 25 216
35 26 139
13 33 205
253 10 135
1 31 142
0 2 249
9 2 232
126 12 204
0 22 16
4 7 85
3 13 122
9 5 63
0 19 223
8 5 226
4 3 226
9 13 24
0 10 101
0 22 88
0 14 234
3 3 75
1 14 141
1 30 33
120 18 145
0 28 28
275 4 211
91 27 209
42 28 174
0 12 57
4 27 88
2 33 19
0 22 170
153 32 119
34 27 209
60 33 249
1 0 69
9 30 174
2 11 40
22 26 196
0 17 217
1 2 205
0 30 99
89 18 50
314 34 193
4 11 75
11 5 150
3 12 80
1 16 112
3 14 108
0 13 191
27 22 73
4 6 157
5 22 74
0 26 108
32 34 191
9 10 6
5 28 166
23 14 189
39 5 191
0 14 93
4 14 41
152 31 147
2 24 148
0 0 28
9 0 106
7 19 97
8 10 167
7 8 121
55 28 156
1 29 133
0 30 139
7 29 18
226 33 61
57 8 234
5 31 9
0 25 44
10 22 221
183 17 241
26 10 86
0 30 1
2 31 235
1 4 155
1 5 144
53 11 161
5 34 231
0 19 136
3 23 115
0 7 170
7 29 234
1 3 176
148 32 99
75 23 198
0 1 177
0 5 249
8 18 231
158 8 161
9 22 141
0 22 150
6 21 160
2 3 235
2 14 157
264 0 191
0 0 183
0 3 129
2 34 177
0 14 157
258 11 112
1 2 248
28 10 9
123 22 227
65 14 130
0 11 204
123 25 126
0 22 147
2 28 217
8 27 201
28 27 39
0 13 16
0 11 181
0 23 239
3 23 151
232 31 16
1 31 47
23 16 154
48 10 66
1 22 204
0 7 249
272 16 46
64 5 132
0 11 89
0 30 121
2 26 25
3 4 238
5 16 114
4 11 56
34 11 19
0 21 45
13 1 12
12 20 155
22 7 122
2 26 5
8 11 34
290 32 1
1 25 38
1 21 134
1 0 71
46 20 37
256 9 209
2 3 8
7 17 61
301 5 28
18 22 13
1 2 153
4 32 96
155 7 37
299 34 84
0 34 4
71 14 234
90 24 21
18 30 25
44 21 8
0 7 148
54 4 46
10 12 87
0 18 49
38 0 238
5 14 169
0 7 87
0 13 19
102 10 133
0 23 165
0 6 96
24 6 20
193 27 162
2 2 206
0 20 202
4 8 24
3 3 196
5 3 56
289 25 167
0 31 67
1 16 16
41 30 94
0 18 176
2 29 89
23 2 151
1 20 169
1 8 189
6 27 87
5 11 69
14 25 59
7 27 217
4 4 232
1 26 174
0 34 109
0 20 1
1 20 95
2 22 114
21 34 71
1 24 247
9 31 245
11 31 247
0 33 225
18 29 120
5 18 106
14 19 178
0 28 76
19 18 219
0 0 193
0 22 58
24 22 111
0 19 183
0 32 168
15 13 14
247 20 240
27 11 95
0 16 118
55 0 220
5 30 210
0 1 97
7 26 154
4 15 202
0 29 202
9 34 30
180 10 147
0 34 219
0 8 214
4 14 218
0 25 53
230 1 228
91 14 28
68 6 229
80 9 1
0 0 213
0 31 9
22 26 50
0 5 168
3 17 34
0 26 124
3 20 174
350 26 196
123 22 210
130 26 56
15 25 125
5 2 32
5 9 40
7 12 13
4 2 247
5 25 181
360 16 38
0 6 19
1 8 115
0 14 212
11 28 226
2 18 240
22 19 23
4 0 250
0 11 181
0 3 227
84 1 174
8 26 98
17 9 37
8 10 171
3 1 221
0 6 51
14 18 85
134 29 250
3 30 130
3 5 126
231 24 9
15 12 163
351 30 80
0 5 35
4 7 32
61 26 92
4 5 216
8 0 178
0 20 120
1 11 148
203 7 63
1 13 56
7 10 122
19 11 109
42 29 37
1 26 164
23 14 163
1 19 39
5 32 138
1 10 9
3 16 77
5 31 162
0 6 157
33 4 59
6 18 96
0 7 75
0 6 66
1 29 140
62 11 186
0 20 165
85 27 58
38 31 247
6 33 130
7 6 27
3 7 160
24 15 234
0 18 25
13 15 97
10 28 133
1 24 127
7 20 48
11 7 177
16 34 69
122 23 213
112 22 163
50 12 194
0 10 53
1 9 210
4 14 216
79 14 229
4 30 39
2 13 121
16 13 248
0 24 55
2 11 186
0 0 98
23 28 171
30 20 94
301 24 134
129 9 137
6 5 151
0 16 20
70 7 186
0 15 88
1 9 129
2 18 60
36 26 158
7 27 156
9 20 170
1 7 235
12 23 145
16 5 15
12 26 208
8 20 64
60 26 238
2 19 114
14 14 17
1 34 41
1 33 108
2 0 225
21 5 32
341 9 81
2 17 189
2 32 51
40 11 216
45 12 138
5 15 221
28 9 204
2 14 47
0 31 18
1 13 177
4 28 193
2 20 38
0 7 155
0 7 82
6 5 222
0 13 156
0 21 175
0 26 61
1 6 170
3 33 120
0 20 99
11 30 139
114 13 70
0 1 120
0 19 237
0 4 17
1 13 223
8 16 219
0 3 198
0 14 80
36 34 41
4 18 110
18 6 204
62 12 99
5 33 167
0 2 158
0 7 13
52 18 92
3 7 128
15 33 214
5 28 158
0 4 36
0 15 47
2 19 77
117 5 2
3 2 199
2 29 177
229 9 41
13 30 64
29 14 178
70 16 171
0 17 158
9 27 38
0 22 163
11 11 150
42 5 76
5 15 32
1 10 186
251 34 98
0 22 92
0 20 182
3 30 176
6 32 140
1 18 187
0 31 191
4 6 195
37 18 162
0 10 166
25 13 234
62 22 112
178 18 168
5 19 131
0 6 16
5 27 104
293 5 225
28 8 75
19 28 73
0 32 1
0 13 50
0 27 36
1 0 237
43 25 14
102 2 192
0 32 115
0 1 122
100 32 36
0 25 217
100 34 249
3 4 107
0 11 196
1 8 61
15 28 120
1 12 155
18 22 182
4 30 153
93 27 2
22 11 34
63 21 135
6 22 10
0 1 213
8 34 15
21 5 113
58 14 48
4 30 154
19 29 224
19 17 73
0 15 120
4 25 191
101 6 16
1 8 83
1 11 9
0 14 30
0 26 95
83 1 199
4 22 185
4 4 208
9 32 145
1 5 168
2 8 143
0 0 71
0 16 32
1 33 154
0 1 99
0 26 94
6 19 146
1 33 7
25 30 108
1 1 202
213 30 42
32 0 15
8 33 216
4 24 126
0 0 153
153 19 197
7 27 1
45 27 94
0 4 208
10 11 6
297 28 138
249 1 107
48 8 163
34 22 217
3 14 19
0 5 4
2 4 168
149 8 152
1 6 239
280 14 124
199 6 215
0 22 181
109 23 107
19 19 185
2 31 163
191 8 236
0 32 152
0 2 108
0 30 181
1 15 140
0 6 144
83 13 70
1 8 8
3 10 235
5 27 62
0 15 77
0 16 5
3 30 124
1 5 175
2 14 113
3 33 50
1 31 3
1 23 42
0 9 157
0 32 24
8 15 29
10 34 12
0 9 219
3 20 33
7 28 17
0 20 228
0 6 170
29 21 61
12 17 59
0 22 8
0 14 101
6 23 220
231 2 82
3 34 100
37 4 41
7 10 73
0 32 63
305 26 11
3 9 188
2 21 181
6 2 242
5 0 46
4 4 206
32 25 190
3 0 139
1 23 55
4 2 108
0 9 105
20 17 142
0 18 54
2 9 177
389 11 47
3 8 51
0 12 48
11 34 10
7 1 223
0 17 153
29 18 5
13 15 60
20 13 188
1 25 167
48 34 141
111 30 33
0 14 148
2 30 25
2 6 105
87 5 20
2 8 64
1 11 225
1 14 78
104 4 91
1 4 145
5 5 179
35 3 127
18 5 130
0 28 172
4 29 244
8 6 83
2 13 86
89 12 101
1 0 14
106 24 199
0 13 188
1 29 81
251 0 165
0 31 247
3 23 205
42 0 27
30 23 37
6 25 244
0 22 210
2 33 197
4 11 139
0 26 65
1 13 127
13 34 222
1 24 43
7 30 32
3 9 209
0 2 212
8 15 115
13 4 2
3 13 66
10 18 14
208 17 151
4 12 1
4 32 200
0 24 214
98 10 35
1 12 77
0 11 23
107 26 40
8 4 12
86 23 242
0 12 17
5 21 124
2 10 130
96 14 241
8 5 35
198 17 69
26 34 32
41 7 85
35 31 107
178 23 23
0 2 55
127 20 37
6 4 90
0 21 16
5 25 171
1 20 160
36 4 80
1 29 107
76 24 221
5 2 188
43 34 35
7 34 250
3 18 218
3 7 220
0 15 120
0 7 243
3 5 225
13 3 177
5 23 49
8 17 115
1 13 79
282 17 2
1 19 36
353 23 214
1 12 168
17 26 84
0 5 187
0 28 112
0 32 62
9 21 56
26 30 88
0 10 111
3 13 174
0 3 60
32 8 213
11 31 148
3 4 228
20 33 205
334 19 61
1 0 81
11 2 63
215 2 50
0 6 93
328 34 67
0 8 206
324 19 97
2 23 30
0 3 214
26 24 220
0 28 224
1 0 141
15 34 33
0 17 239
6 29 171
6 14 83
1 5 106
0 10 164
0 30 244
33 34 239
18 21 208
23 10 169
0 30 106
61 12 218
11 18 209
186 20 5
34 30 78
0 4 243
3 17 4
0 3 123
1 6 184
79 8 123
1 10 43
37 9 165
1 5 225
33 30 175
1 24 97
7 18 48
25 12 58
172 5 42
0 26 105
9 28 205
27 9 49
16 12 65
4 33 222
131 16 22
226 5 10
126 1 121
0 13 199
0 20 58
11 30 136
15 20 235
14 31 94
37 0 231
82 11 45
0 8 48
90 34 150
109 27 70
23 22 184
4 10 219
205 18 66
0 31 245
24 22 236
1 29 145
6 26 63
62 2 138
29 9 117
24 16 77
9 6 183
9 22 151
17 31 63
2 12 90
0 4 121
0 22 39
41 2 191
2 33 229
2 16 139
1 0 69
1 7 106
111 9 44
0 33 102
0 14 233
0 30 53
19 18 35
3 18 137
89 3 57
9 22 185
132 26 116
0 25 165
27 28 59
158 2 154
13 19 30
3 6 19
164 27 242
1 27 159
0 19 24
10 18 243
10 10 155
82 7 203
3 16 159
0 15 80
0 26 11
3 33 163
1 21 3
1 28 233
37 32 131
382 10 143
6 24 37
17 21 147
3 5 70
5 22 170
252 24 179
293 19 33
2 34 76
31 33 64
104 34 227
0 16 186
161 30 109
5 21 8
3 30 87
136 29 218
4 5 208
17 25 213
275 23 115
0 21 30
1 26 130
10 15 80
203 32 26
0 1 200
0 2 53
1 20 45
0 6 152
40 27 175
32 23 82
38 29 138
232 31 156
4 21 219
8 13 148
62 30 209
15 3 214
2 34 49
12 12 108
3 16 164
0 24 134
1 20 33
227 0 137
2 23 244
1 6 141
176 9 4
13 11 193
21 30 179
90 0 93
15 20 22
209 5 122
9 21 115
5 12 2
4 2 184
0 28 41
8 3 194
27 4 79
136 8 161
11 24 221
60 1 242
5 1 33
61 6 172
15 16 18
122 13 222
3 10 183
33 6 214
0 34 249
246 30 83
3 22 119
0 27 188
4 25 95
32 2 233
83 0 152
0 2 167
225 28 238
1 17 184
12 1 37
2 9 6
121 32 193
138 20 83
1 8 4
11 6 115
0 12 249
0 22 89
66 6 217
3 12 64
115 18 53
57 29 246
0 15 172
0 27 148
8 30 148
1 13 69
1 29 62
3 15 149
41 6 48
170 17 185
3 23 40
2 6 158
174 34 234
80 5 72
383 8 112
0 13 124
8 0 98
20 4 208
7 7 171
2 28 140
0 21 248
1 4 3
1 1 114
4 28 233
1 16 181
46 26 130
50 16 46
1 14 115
255 34 217
6 11 21
1 26 113
15 0 101
8 10 95
0 15 83
48 16 17
0 33 36
2 34 248
130 30 203
176 0 173
5 23 172
12 24 183
0 27 166
1 15 91
5 28 87
2 1 170
80 28 94
0 27 224
0 12 98
159 21 10
86 12 17
0 31 14
11 30 30
38 16 53
0 33 187
37 22 191
5 4 45
9 5 173
0 8 3
8 20 173
305 12 239
0 24 121
8 2 133
0 19 123
18 28 177
1 26 114
95 12 177
278 5 103
9 18 229
0 5 158
2 19 185
8 28 187
325 1 102
1 29 199
0 6 241
8 4 116
15 32 101
16 27 113
40 29 201
9 23 187
2 5 172
0 19 175
11 9 112
0 24 135
26 14 135
0 34 147
14 1 110
20 13 3
0 8 180
19 11 192
0 5 18
0 20 98
12 25 91
0 23 178
3 6 70
139 16 186
0 32 224
10 3 108
6 30 75
15 15 1
115 13 161
152 15 17
4 25 78
7 20 89
181 12 196
1 0 198
1 22 247
0 22 95
4 10 76
16 6 26
58 32 26
94 27 187
0 11 104
2 8 16
0 14 65
135 0 11
14 2 197
75 15 68
1 14 170
167 15 67
1 17 243
118 25 186
3 12 186
130 32 213
0 12 243
31 32 239
0 9 90
27 23 145
0 27 41
0 0 112
2 6 122
124 17 233
16 8 124
5 34 28
37 29 24
102 23 94
0 31 246
4 18 247
0 28 211
2 13 194
48 2 19
8 13 226
15 26 44
13 15 114
3 8 82
28 16 112
6 25 185
1 8 247
28 8 149
31 1 120
97 34 18
156 19 189
0 21 23
0 6 126
2 16 173
107 28 82
126 5 238
1 33 129
11 27 220
105 30 110
3 12 136
14 24 146
145 7 173
4 20 217
0 29 125
1 20 48
16 3 64
3 29 143
0 4 13
104 30 127
0 29 183
29 31 158
9 23 203
3 6 229
1 32 145
5 11 111
165 30 62
0 16 136
1 20 193
397 30 224
3 30 87
11 8 219
18 2 243
0 8 84
0 11 199
103 19 156
89 10 48
3 4 9
1 0 22
3 9 146
193 19 113
0 32 167
0 31 216
1 16 212
2 22 250
83 24 225
0 28 196
9 15 104
0 18 222
6 15 187
18 21 13
54 28 155
0 17 38
0 24 181
30 18 174
0 25 60
6 12 18
2 27 82
2 24 148
22 20 143
0 31 189
15 20 153
34 29 20
0 18 18
89 29 102
56 24 229
0 12 190
0 5 219
5 32 202
0 0 221
6 13 203
19 13 1
157 17 98
214 31 25
0 13 159
0 20 82
0 17 227
47 13 157
15 8 38
114 13 33
61 13 156
0 28 196
124 25 201
220 18 38
0 24 31
30 9 13
194 15 53
0 29 160
7 13 193
81 11 168
3 29 200
3 23 133
0 7 123
6 33 75
34 9 249
97 33 193
3 7 59
5 31 168
3 26 127
0 7 35
54 31 219
0 17 161
1 19 200
90 23 92
15 32 50
0 10 92
169 29 97
302 2 202
0 11 173
8 6 244
3 23 242
0 22 189
0 26 129
51 8 18
38 22 215
20 0 113
8 19 215
94 14 116
14 4 79
347 26 39
1 17 180
234 12 116
1 34 68
0 16 34
115 9 73
0 3 232
176 32 221
1 5 85
144 32 45
39 33 91
8 6 72
4 32 32
2 8 60
40 22 97
24 9 94
0 11 59
0 2 166
54 24 91
0 16 51
66 3 247
0 18 249
11 17 109
4 11 16
94 17 192
0 10 33
6 26 53
148 24 221
21 3 76
262 9 100
1 13 140
19 29 129
0 12 101
76 2 59
1 26 230
351 10 45
92 6 246
0 18 205
41 17 173
0 0 197
3 17 137
23 23 178
1 1 203
392 1 72
1 7 178
1 26 116
0 22 93
0 29 172
8 13 156
6 19 36
0 30 248
158 18 241
33 4 247
0 33 33
2 15 81
222 18 89
2 6 210
9 23 21
51 4 98
20 4 233
0 25 58
0 9 149
1 16 249
7 25 160
108 19 217
121 22 74
22 25 46
2 13 118
7 18 50
1 17 32
41 10 139
16 20 220
119 4 94
0 7 205
33 16 250
0 9 248
4 7 243
13 24 201
4 15 51
0 7 76
105 24 176
7 5 56
0 24 52
4 18 127
1 2 2
0 22 94
1 32 143
0 0 228
2 18 128
8 8 151
82 3 68
60 3 13
5 33 151
6 21 102
3 11 32
9 27 212
20 1 105
4 2 151
4 18 130
8 11 131
19 17 186
0 16 75
1 19 69
9 13 92
32 25 183
4 21 65
106 0 86
43 15 35
8 5 247
23 28 73
45 34 11
0 25 234
312 4 136
0 6 133
2 18 13
1 13 140
2 4 57
9 31 82
12 34 245
19 3 79
30 27 118
0 30 217
3 17 57
1 2 95
66 13 109
7 4 52
33 5 89
381 2 80
53 32 195
0 28 159
8 34 157
367 8 4
3 26 51
1 3 60
0 1 13
8 26 16
2 21 55
0 11 102
13 9 231
2 17 217
1 22 103
0 5 249
2 10 34
50 2 154
0 20 11
7 21 94
32 17 228
7 32 12
0 14 113
1 33 108
0 32 182
0 19 14
2 19 58
33 34 247
0 4 196
2 31 159
113 1 211
8 10 60
85 0 73
0 7 200
0 5 31
47 15 139
181 15 123
106 11 10
55 1 97
2 32 203
0 33 131
10 31 11
14 25 111
4 1 48
0 31 164
1 4 92
14 29 83
3 11 123
1 12 7
19 16 42
7 11 234
3 33 227
209 11 114
3 3 71
4 29 14
68 33 73
0 9 159
3 29 118
396 20 22
0 4 195
2 2 29
0 27 18
28 18 207
71 28 235
100 32 217
1 18 236
1 16 24
386 31 166
76 8 58
3 10 83
5 16 159
2 32 238
0 9 168
88 17 188
0 24 73
38 7 51
188 4 189
0 9 115
0 6 89
5 33 222
0 23 176
0 28 167
32 31 5
0 25 93
1 27 151
3 29 96
0 7 165
10 3 119
148 1 152
100 10 64
0 25 232
2 2 21
0 10 105
0 26 28
28 6 218
377 16 187
0 4 84
28 24 6
0 10 104
26 0 133
1 4 154
12 2 30
2 10 157
355 20 88
31 7 128
0 21 244
6 6 187
0 20 170
8 8 74
0 14 211
29 25 48
0 14 101
0 4 61
40 14 176
111 15 46
36 12 48
6 14 128
8 5 10
1 15 79
12 13 184
9 9 193
197 20 118
0 33 102
220 31 30
0 11 222
2 8 148
6 10 23
24 17 47
7 7 93
131 34 233
0 17 139
0 29 154
7 12 28
4 22 220
44 28 128
13 0 122
6 20 145
2 17 196
2 12 58
1 20 225
3 19 170
0 0 195
0 17 153
21 18 212
0 21 123
26 0 83
1 20 33
4 0 88
1 14 53
26 6 221
236 0 178
6 27 90
0 4 204
0 19 88
5 17 22
265 33 166
14 3 189
17 0 181
57 11 127
307 6 216
159 17 18
7 15 27
0 27 129
26 13 233
238 27 167
0 14 200
3 13 3
13 16 20
0 27 246
0 8 151
4 17 153
0 32 155
21 18 112
0 10 72
4 25 203
0 26 170
16 25 244
4 16 161
50 15 28
2 22 135
100 9 2
0 30 159
16 19 115
1 0 233
13 32 63
375 20 115
1 25 180
3 14 177
0 3 87
0 8 1
34 15 239
6 34 141
6 10 85
0 29 228
49 29 162
2 3 79
98 23 125
362 24 180
13 20 138
8 1 153
35 23 71
0 4 127
3 3 43
29 12 136
1 23 130
2 32 214
4 24 50
4 1 219
0 21 129
15 11 240
1 31 175
29 13 85
0 33 132
0 9 177
223 24 246
163 24 147
34 2 157
0 22 231
5 21 230
133 16 125
2 20 162
0 12 171
0 16 229
14 14 113
93 26 7
0 19 80
1 22 187
95 32 200
3 0 231
2 28 240
23 13 50
3 0 129
13 29 124
3 10 121
177 19 222
0 33 14
180 17 45
14 27 118
14 28 10
2 4 201
0 33 66
5 19 14
0 12 79
0 11 101
0 31 30
2 27 223
16 29 204
93 15 143
1 28 192
113 16 141
38 32 203
0 8 24
6 1 133
0 19 53
271 21 32
6 24 31
0 24 39
23 30 156
1 24 150
0 14 104
22 34 133
0 11 58
0 9 209
5 8 245
182 0 101
41 18 109
35 4 134
20 12 22
0 0 161
0 5 174
1 19 16
64 20 168
27 26 137
0 15 201
0 22 250
63 31 97
3 2 240
219 4 23
6 23 168
33 4 234
3 13 164
325 1 117
73 30 142
134 28 157
0 6 79
6 5 45
8 18 245
31 13 175
2 34 204
49 24 204
185 4 81
7 26 152
0 17 56
30 11 108
97 3 148
2 21 90
1 3 113
0 6 193
33 7 20
0 21 151
4 33 22
1 14 169
6 5 204
6 24 33
1 31 161
0 8 51
12 15 5
3 23 187
1 17 182
12 23 23
10 11 130
4 34 9
3 13 106
0 11 181
111 10 207
0 31 37
49 27 67
6 6 125
34 11 124
5 1 218
1 5 246
36 25 116
24 13 189
54 19 19
2 19 231
1 6 248
317 26 74
0 10 52
27 33 16
13 6 26
0 14 235
0 14 171
98 27 148
18 3 94
359 8 156
0 34 145
5 19 48
4 2 115
1 33 22
5 10 109
0 11 166
40 10 13
17 8 92
17 2 93
22 4 8
2 6 144
287 3 191
50 31 40
184 5 116
138 3 2
169 24 164
0 10 66
11 20 181
10 19 228
126 18 192
29 6 30
2 3 100
0 22 201
1 2 155
7 4 125
0 16 221
2 31 17
0 19 19
108 26 181
1 12 127
1 5 8
92 16 139
0 16 154
79 13 115
0 27 173
0 5 161
0 11 92
266 33 203
281 1 218
0 18 87
0 12 1
122 9 6
49 26 82
1 31 217
0 31 38
51 7 214
0 2 234
19 29 169
2 16 4
0 29 121
5 24 87
30 5 39
1 33 193
1 11 171
19 9 218
3 32 189
3 3 96
0 23 81
0 19 156
2 16 183
4 10 174
188 27 137
1 29 216
14 21 165
11 14 146
0 14 229
20 8 78
0 22 176
29 13 75
0 28 71
12 30 203
0 27 160
4 32 41
0 30 103
4 23 250
3 11 141
17 23 188
326 26 162
2 9 146
33 15 249
60 11 34
0 5 194
5 26 215
18 5 108
13 0 158
2 13 182
18 25 103
0 0 154
0 0 197
0 22 91
5 6 157
364 27 124
0 28 178
11 29 55
2 31 44
280 20 99
4 3 115
43 21 135
2 17 179
16 34 195
4 18 82
27 32 226
5 31 227
62 19 99
10 31 244
58 20 139
3 4 149
6 15 194
32 20 186
38 27 53
2 3 10
0 26 196
5 17 247
11 30 92
0 0 151
3 6 250
1 8 178
1 3 71
16 1 178
29 3 245
0 4 20
23 10 139
1 31 95
10 28 20
5 16 70
18 6 200
16 5 228
11 9 136
0 18 7
9 28 43
2 19 116
87 2 65
0 27 161
8 9 217
1 25 59
6 25 236
5 2 10
0 23 244
0 34 111
8 34 190
368 11 167
0 28 154
0 10 46
0 16 212
13 18 32
22 3 208
3 28 174
7 17 6
16 12 130
29 6 2
24 16 195
338 15 23
0 34 139
0 26 198
16 26 192
8 29 166
6 32 223
5 11 222
0 30 24
8 32 213
3 34 37
26 26 118
29 13 53
1 15 106
18 26 244
28 6 55
42 1 3
0 17 1
0 33 225
12 22 113
0 20 32
115 19 129
0 1 237
2 25 27
3 26 247
1 1 116
180 19 174
3 12 84
5 34 4
236 9 224
1 18 193
16 32 240
27 9 121
79 7 151
3 12 163
53 26 228
7 16 197
5 22 100
1 18 38
1 28 211
201 23 69
10 11 108
0 1 163
1 1 130
0 0 248
1 10 122
47 18 235
4 31 170
90 2 156
0 6 162
20 28 183
14 16 149
6 16 230
145 11 194
3 3 175
7 25 220
5 11 106
103 14 66
2 18 171
0 27 157
108 12 102
3 14 33
0 2 148
0 30 90
0 31 219
27 25 184
20 9 106
17 14 66
3 9 241
339 30 26
58 19 16
182 3 33
0 24 147
322 5 241
1 31 114
188 24 105
162 25 238
0 14 87
118 30 32
4 12 25
148 12 19
0 26 120
0 20 62
0 22 38
0 18 159
0 28 141
155 13 69
26 27 42
2 25 172
232 22 229
0 30 24
1 14 124
1 25 206
1 10 27
4 17 177
6 20 182
36 10 225
2 20 173
53 19 238
3 16 34
39 11 109
277 17 189
1 28 173
28 19 86
10 2 220
32 7 243
65 15 116
