120 20 600 12 250
86 17 49 22 88 48 56 76 40 12 13 59 16 73 7 45 80 8 54 5 9 89 68 84 34 73 8 39 75 73 26 21 46 65 17 17 15 5 6 31 38 24 15 68 51 37 6 59 85 59 77 70 33 18 13 83 15 33 28 10 61 33 28 76 78 65 58 28 75 11 73 78 44 28 28 61 9 81 30 20 15 89 77 82 51 73 73 15 52 13 28 57 24 43 76 56 68 30 29 15 75 48 17 87 30 44 71 44 33 29 41 90 53 55 63 38 15 53 75 7
917 5
0 95
11 26
8 31
6 109
5 111
543 3
0 113
6 75
2 153
986 3
10 95
4 154
0 114
427 3
11 148
3 66
4 91
476 3
7 43
1 161
3 173
700 3
1 103
11 26
8 165
342 3
3 38
0 42
11 178
378 6
8 116
1 62
0 35
6 98
7 94
11 59
900 5
7 26
11 20
9 117
2 23
4 45
933 4
0 78
5 177
4 40
10 98
821 4
10 123
4 35
1 35
5 106
849 6
8 39
1 128
3 106
7 132
2 100
10 105
493 7
10 140
7 106
1 133
5 102
0 147
9 127
3 36
780 6
4 43
7 72
0 16
3 172
11 37
5 136
871 7
3 91
7 21
2 112
9 74
0 61
10 49
11 111
354 7
11 25
9 36
6 58
2 119
8 71
0 106
1 169
808 3
2 83
3 117
1 105
813 6
0 128
3 170
9 78
7 151
2 126
8 51
826 6
11 22
8 49
10 48
9 47
6 101
7 43
773 6
1 84
3 140
8 103
4 126
10 97
9 157
3 10 108
0 18 411
0 9 144
0 6 219
3 3 378
0 1 139
0 14 92
0 6 456
0 1 224
0 7 251
1 0 393
0 14 254
0 7 321
0 4 163
4 7 162
0 11 80
0 15 364
3 3 164
1 1 367
5 3 363
0 2 108
1 5 482
1 3 459
9 15 404
3 15 398
0 18 316
2 15 396
0 7 166
0 6 364
5 18 164
0 1 358
0 7 127
0 11 296
0 4 449
0 17 210
0 18 361
18 7 198
0 2 445
7 13 20
0 13 388
0 4 361
0 9 490
0 15 88
0 3 402
0 19 32
0 2 476
1 7 108
0 17 126
1 13 461
9 14 181
0 14 379
0 6 20
2 16 488
0 0 74
0 17 401
0 7 390
0 6 216
0 9 82
4 14 183
0 9 204
1 10 453
0 11 274
0 13 315
1 6 403
3 17 330
0 6 488
0 19 415
4 17 190
0 1 77
0 16 356
2 10 479
0 14 12
0 4 135
0 11 350
8 0 349
0 6 181
0 6 125
0 6 494
1 11 171
6 5 431
0 6 56
0 19 339
2 9 140
0 18 250
0 1 149
0 14 250
0 9 192
0 0 190
0 10 332
0 8 234
0 7 439
0 12 233
0 13 432
0 7 426
0 12 211
0 8 27
0 10 175
0 11 289
12 11 286
6 8 333
1 9 111
0 12 408
0 10 434
1 13 432
1 4 490
2 9 328
0 19 369
0 1 391
0 12 133
5 0 38
0 0 97
0 0 434
0 13 62
0 11 469
2 18 68
14 13 111
5 18 495
1 10 435
0 15 73
57 16 410
53 19 343
0 13 16
1 14 99
0 11 37
0 3 192
0 6 281
3 13 381
0 6 431
0 7 107
1 3 446
7 8 493
9 18 295
0 5 458
58 10 101
0 4 296
1 4 72
0 3 370
2 6 429
8 0 182
0 19 252
4 5 389
32 9 227
0 6 24
3 19 453
0 9 81
0 0 76
0 7 17
1 14 454
0 7 208
0 15 442
0 15 47
0 12 357
2 0 246
1 2 20
0 4 181
2 5 130
1 14 269
0 4 30
3 3 239
2 8 206
0 2 269
7 7 430
0 9 454
0 1 491
21 15 37
0 5 392
4 13 127
0 16 136
0 10 433
0 7 196
0 1 79
0 12 182
0 19 184
0 0 272
0 3 180
0 18 244
0 0 45
2 2 264
0 18 102
5 2 133
2 12 176
85 18 213
3 11 331
0 3 355
1 12 148
0 13 497
0 3 268
44 4 310
0 16 125
0 16 12
2 17 469
0 19 430
1 17 276
4 17 58
0 1 232
3 16 391
5 17 397
0 14 237
0 2 456
0 6 343
1 17 328
1 17 426
0 16 303
2 19 279
0 7 104
0 7 204
0 7 11
0 5 253
0 8 114
0 13 164
0 18 474
1 8 382
1 4 103
0 15 245
0 12 179
0 10 82
0 17 433
9 13 359
0 12 185
0 7 233
1 10 104
0 2 306
2 13 476
0 10 288
0 12 76
0 11 122
2 12 55
0 7 465
0 0 231
0 5 166
0 12 327
4 11 217
0 8 335
3 3 190
0 3 285
0 9 363
2 0 376
100 18 427
0 19 136
0 15 134
0 11 364
1 12 151
2 5 282
1 11 423
0 3 445
0 14 17
27 17 343
1 16 13
1 9 439
0 16 411
0 5 142
0 12 33
4 4 270
69 5 229
0 18 384
0 14 173
0 0 314
0 1 160
1 12 94
0 13 171
1 5 434
0 6 469
0 6 121
4 2 60
0 7 51
0 12 372
0 7 108
0 13 494
1 19 84
0 16 389
2 12 144
0 0 155
1 9 460
6 5 59
3 1 206
0 1 490
2 6 87
0 18 454
0 5 372
5 9 495
2 1 95
0 6 194
0 14 267
1 9 347
0 3 278
5 5 489
0 5 335
0 18 463
1 6 187
3 12 353
0 15 232
1 14 324
0 18 362
0 6 202
0 8 451
2 1 28
0 4 460
0 9 486
0 18 183
0 19 349
0 4 430
57 3 212
1 4 366
6 5 155
0 3 475
0 6 239
1 15 347
0 11 230
0 9 223
1 11 188
7 9 470
1 13 388
0 16 383
0 1 147
0 0 466
0 3 82
1 13 178
0 3 65
0 19 51
4 15 133
0 6 385
1 13 60
0 0 334
2 11 181
6 9 346
0 12 361
13 3 74
1 1 151
4 8 316
0 0 226
0 5 500
0 1 155
0 1 419
0 7 141
0 7 90
0 7 71
0 17 296
0 13 112
3 13 429
0 13 242
0 14 34
0 3 224
0 0 354
0 10 22
0 9 183
6 11 291
0 2 373
0 19 377
0 2 464
0 19 98
5 7 206
0 16 29
0 12 333
0 13 342
18 14 223
1 4 94
0 1 144
0 14 261
0 15 450
0 1 255
0 6 161
0 8 370
3 0 414
1 3 66
0 16 290
7 18 351
0 7 43
0 6 291
1 11 355
0 12 150
0 5 57
0 6 93
0 15 412
0 7 431
2 9 173
5 17 28
1 7 14
0 10 438
0 7 30
0 8 295
0 6 258
2 7 405
0 2 370
5 6 479
1 19 363
17 14 54
0 0 268
1 8 202
0 6 483
0 19 366
0 2 217
0 18 119
0 8 152
0 12 296
0 12 67
0 19 436
0 19 357
0 4 432
0 4 231
0 9 469
1 2 369
0 19 379
0 8 58
0 5 308
4 11 423
6 19 372
0 3 157
0 14 412
0 13 314
0 5 300
1 17 244
0 5 472
0 16 417
2 2 239
0 11 73
4 11 129
10 11 45
9 14 18
4 2 81
0 13 372
3 4 294
0 2 290
21 11 261
3 9 399
1 16 150
0 16 56
0 10 429
1 4 162
0 15 28
2 3 474
6 17 68
1 15 165
3 11 463
1 2 171
0 4 397
0 14 437
5 3 80
39 16 133
2 6 382
8 5 286
2 11 214
0 18 185
1 17 117
11 1 315
0 14 101
0 0 205
0 4 322
2 2 193
1 18 300
0 4 469
0 18 163
0 5 185
0 6 417
0 0 441
1 19 127
14 17 159
0 4 421
0 9 42
0 8 497
18 4 271
4 15 401
3 7 260
1 8 143
0 16 441
0 0 159
2 19 377
0 1 220
0 13 213
0 3 250
1 3 266
18 14 62
5 5 229
0 9 239
3 19 433
28 11 349
2 2 471
0 17 476
2 10 391
0 2 378
1 18 470
0 16 136
1 4 35
0 18 438
0 15 174
0 19 426
0 11 299
0 13 397
6 12 376
1 16 165
1 7 412
0 17 349
0 7 200
0 16 500
0 0 236
0 4 443
14 0 341
1 18 490
0 17 424
0 8 250
0 17 87
1 7 327
0 16 277
1 12 141
3 17 311
0 4 138
0 12 412
0 8 148
3 13 252
0 7 457
2 2 227
0 13 402
0 12 71
1 1 399
0 18 339
10 11 312
0 19 221
0 18 278
0 18 43
1 16 222
0 12 329
0 18 395
0 12 249
0 14 353
2 15 278
2 19 238
0 7 170
0 8 14
0 4 352
0 15 21
1 3 189
0 8 200
1 19 73
0 3 228
4 11 279
3 5 109
0 4 368
0 3 176
0 7 141
0 14 302
1 12 33
0 18 106
0 8 452
0 5 220
3 3 49
0 6 261
0 12 76
3 2 98
0 16 21
0 6 188
2 5 62
4 2 269
0 8 11
0 5 274
0 16 253
0 5 111
2 6 249
11 2 255
1 1 305
7 6 104
0 4 101
0 0 245
0 13 466
0 19 312
0 5 79
0 0 207
0 5 99
0 10 65
0 11 431
0 8 158
0 2 218
1 10 201
2 3 500
0 19 195
0 1 476
0 8 217
0 8 185
0 7 299
0 0 133
0 3 311
0 11 57
1 11 48
0 5 391
0 17 483
1 1 477
0 4 399
0 17 213
0 17 475
0 9 49
0 8 408
0 13 212
0 12 56
1 13 268
1 18 222
0 19 465
1 17 255
2 19 44
0 8 330
0 19 269
0 4 159
0 11 214
