60 12 180 8 120
20 10 40 4 39 28 23 41 21 43 11 23 48 8 36 38 24 8 7 14 13 3 22 12 43 39 19 16 39 41 49 32 44 18 36 15 43 35 32 33 5 36 11 13 9 16 42 39 11 8 25 17 27 17 4 18 33 36 16 11
735 1
2 26
481 1
0 94
1236 1
0 861
431 5
5 71
7 371
2 232
3 170
1 373
1120 1
3 898
1129 4
0 14
1 873
2 754
6 767
950 5
7 486
0 874
6 468
5 553
2 343
600 4
6 236
1 326
3 289
4 144
611 4
5 359
4 332
7 374
1 384
666 2
4 294
3 372
658 1
1 414
1365 4
1 140
6 47
3 102
4 535
13 0 129
1 0 57
25 5 53
8 10 141
0 8 143
0 1 14
1 5 84
0 4 120
2 4 81
3 1 85
1 8 52
0 3 114
0 4 26
4 4 63
38 6 42
29 6 57
25 0 134
19 10 63
0 0 71
0 9 129
2 3 9
0 4 148
14 8 59
16 2 135
1 1 48
0 5 89
24 1 62
35 10 119
17 2 20
6 10 41
18 5 90
0 8 61
12 7 91
1 6 66
1 4 102
3 7 120
14 2 29
5 6 147
0 5 75
18 1 34
1 7 40
1 7 62
1 1 4
7 9 72
0 5 126
11 11 32
22 8 58
1 6 18
0 10 84
0 10 72
1 7 8
3 8 65
6 3 130
0 6 6
23 7 40
3 5 101
18 6 30
0 3 50
5 9 143
5 3 8
0 3 56
8 10 26
9 6 58
0 1 42
1 10 97
9 1 63
0 11 79
0 11 27
11 1 28
4 11 42
1 6 139
0 6 19
17 8 35
11 5 94
0 10 125
20 8 15
0 2 40
0 1 113
0 9 65
1 5 111
9 5 42
2 3 17
1 9 11
1 8 99
3 5 11
5 10 144
5 4 114
3 3 106
3 2 137
1 6 25
57 4 146
14 6 117
4 2 66
6 5 96
2 11 41
0 6 106
0 9 130
2 6 48
1 7 4
1 1 98
16 5 90
4 2 125
1 0 6
6 1 74
0 3 2
0 2 35
2 5 85
0 8 96
1 9 61
0 6 146
0 9 6
0 6 57
17 7 113
2 3 146
1 10 35
4 1 90
0 5 94
0 6 97
27 1 34
0 6 7
0 8 150
0 11 131
1 3 100
1 10 118
0 9 19
0 0 112
27 2 3
3 7 87
16 8 108
3 4 6
2 4 128
2 8 56
0 5 99
6 3 28
0 6 39
8 2 140
10 6 115
50 5 98
4 6 49
50 0 105
0 2 89
0 10 72
0 8 8
0 3 111
13 0 23
8 0 87
55 4 91
0 11 103
2 9 76
21 10 147
20 11 15
0 11 45
1 3 94
19 5 57
7 4 108
2 5 98
9 7 124
0 5 55
4 0 84
1 10 142
1 11 93
14 11 76
7 10 10
0 6 71
15 0 38
0 9 6
7 4 48
26 10 35
0 2 126
1 0 20
0 8 58
1 10 112
2 7 133
47 7 68
4 1 78
29 5 81
13 1 141
1 5 36
0 1 36
20 0 94
