80 8 400 6 200
26 49 43 40 10 28 57 80 52 79 76 36 37 71 60 12 57 15 29 25 47 13 73 10 73 77 30 54 42 38 35 63 69 35 15 59 74 40 37 50 78 49 23 73 14 23 17 45 13 80 44 22 36 66 70 26 45 10 48 72 24 20 30 58 15 25 74 18 32 37 22 58 80 67 76 14 80 16 73 60
727 6
0 100
1 100
2 100
3 100
4 100
5 100
572 6
0 100
1 100
2 100
3 100
4 100
5 100
699 6
0 100
1 100
2 100
3 100
4 100
5 100
641 6
0 100
1 100
2 100
3 100
4 100
5 100
569 6
0 100
1 100
2 100
3 100
4 100
5 100
739 6
0 100
1 100
2 100
3 100
4 100
5 100
738 6
0 100
1 100
2 100
3 100
4 100
5 100
574 6
0 100
1 100
2 100
3 100
4 100
5 100
2 6 148
0 5 167
0 4 295
0 4 129
0 1 300
0 4 296
1 2 137
2 5 275
6 4 73
0 7 298
16 1 37
0 6 117
8 2 147
0 1 230
1 3 234
45 6 131
22 2 11
0 1 222
1 0 71
0 6 180
1 0 50
6 1 19
0 3 141
1 7 97
15 3 181
1 6 151
3 7 29
1 0 226
3 6 277
1 0 234
4 0 287
0 1 117
0 0 61
8 3 283
40 2 199
0 1 115
17 4 243
11 4 215
1 3 215
12 2 211
2 7 181
0 1 49
0 4 200
1 0 230
9 5 190
0 4 98
0 6 66
3 0 286
0 2 43
1 0 98
0 7 266
0 1 47
7 2 275
7 6 279
14 7 152
1 6 58
2 5 120
0 3 267
24 7 249
0 3 34
4 6 292
0 6 16
0 2 40
0 7 193
0 7 69
4 1 115
13 3 186
0 1 186
0 2 194
32 1 247
0 6 261
0 2 63
0 1 274
0 3 121
0 5 160
2 2 201
1 1 96
0 6 45
0 5 254
0 1 238
2 7 167
2 2 222
3 5 14
3 3 257
0 0 211
5 1 205
10 2 162
0 1 251
0 3 270
47 7 1
2 4 137
3 1 111
0 7 250
9 6 262
5 4 64
67 1 223
0 2 26
0 3 151
0 6 288
0 4 28
31 4 67
1 1 194
0 4 23
5 6 227
30 1 188
0 3 112
8 6 205
3 5 133
34 0 271
1 0 222
2 3 122
0 5 127
11 2 242
0 7 232
0 1 175
13 4 31
0 5 39
2 4 1
1 2 112
0 5 220
2 2 162
5 6 204
0 1 258
0 5 136
0 3 186
2 4 176
0 6 166
4 3 113
2 1 270
0 3 66
0 0 216
13 0 237
2 0 76
3 1 267
0 3 234
1 6 260
5 6 27
1 0 96
1 6 99
0 6 246
4 1 75
0 5 137
1 5 213
72 4 175
1 0 207
0 2 150
55 4 114
0 2 148
0 5 277
0 1 139
4 6 80
0 4 167
0 1 264
0 2 102
0 3 40
0 6 26
1 2 251
0 2 209
0 2 226
3 4 167
3 6 96
4 7 285
26 2 60
0 7 92
0 5 185
6 4 247
0 6 184
1 1 67
2 3 137
17 2 176
0 6 268
1 2 54
1 4 203
0 1 71
7 0 188
1 2 214
21 6 105
2 6 291
16 1 50
2 6 151
15 6 236
0 5 190
0 6 64
24 2 31
0 6 248
1 0 100
9 7 61
62 3 148
0 6 203
1 0 55
0 7 12
0 6 209
64 7 230
3 6 81
0 7 264
0 1 168
2 4 112
4 5 60
0 0 81
12 2 40
58 5 17
0 0 41
12 4 163
0 3 29
0 0 30
13 3 147
1 2 169
2 2 179
2 6 83
1 6 258
45 0 176
5 5 143
9 7 165
43 1 111
1 7 42
1 4 181
2 4 203
2 5 55
3 3 118
0 1 241
0 5 31
19 6 232
0 2 250
0 4 225
0 7 97
12 5 239
1 4 153
2 4 27
3 6 228
0 2 57
1 5 124
2 5 285
1 7 249
0 7 27
1 1 210
1 7 144
0 0 32
20 7 221
0 3 198
0 0 15
0 4 237
0 2 151
0 0 10
0 5 251
0 3 73
0 4 131
0 3 24
0 2 176
0 3 175
0 3 179
11 3 268
1 4 21
0 2 210
42 3 136
3 2 182
0 1 250
0 6 222
0 0 162
1 0 121
0 3 282
0 6 209
1 3 252
2 4 80
17 4 116
0 0 285
0 0 56
33 3 87
1 5 203
0 4 8
43 4 283
8 3 202
31 5 64
10 0 233
1 4 16
0 0 41
1 1 195
3 5 139
0 5 289
0 1 105
1 7 5
1 1 239
0 0 2
0 7 156
11 1 278
2 5 155
0 5 129
0 6 283
0 0 242
4 1 292
0 7 172
0 7 177
2 1 54
0 5 237
0 2 27
0 0 85
0 7 288
0 3 100
0 1 292
0 7 189
1 3 87
0 0 60
0 5 20
0 4 243
0 6 44
0 4 53
0 5 52
0 5 232
6 1 112
0 4 230
0 5 93
3 3 217
0 3 83
0 3 14
0 1 109
0 0 214
0 5 161
1 7 223
1 1 253
0 6 58
1 7 256
0 7 275
4 4 171
4 7 81
1 6 141
1 5 75
26 3 252
0 0 295
52 4 27
2 7 219
0 0 268
0 0 146
4 6 295
18 0 262
0 7 262
0 6 142
1 6 238
4 1 241
0 7 195
0 2 253
1 6 127
1 2 110
6 0 172
0 6 227
1 0 279
0 0 259
0 6 51
0 2 173
1 6 96
1 6 25
1 2 27
19 4 214
0 1 83
7 4 265
0 7 239
6 0 89
9 7 26
0 6 230
1 7 227
0 0 63
0 5 259
1 2 249
0 2 160
4 0 193
3 2 279
0 3 213
0 1 236
0 5 84
13 2 19
7 4 92
24 5 268
0 1 244
3 7 58
0 5 257
2 6 109
0 3 94
2 6 150
3 2 186
0 4 280
7 2 160
0 5 249
0 0 116
0 3 172
0 0 224
0 2 100
0 5 237
1 6 83
3 7 68
4 3 93
5 1 202
26 4 278
0 1 46
0 0 194
3 3 228
0 0 209
1 0 85
0 0 138
10 6 24
8 1 9
0 1 133
0 2 13
